TABLE_HEIGHT:-0.210999987125
PURPLE:0.315955666667,0.221241666667
ORANGE:0.302409,-0.828625
GREEN:0.307489,-0.537371666667
BLACKOUT:339
